 year  month       average     alized         
 1958    3         315.70      314.43        
 1958    4         317.45      315.16          
 1958    5         317.51      314.71     
 1958    6         317.24      315.14     
 1958    7         315.86      315.18     
 1958    8         314.93      316.18     
 1958    9         313.20      316.08     
 1958   10         312.43      315.41     
 1958   11         313.33      315.20     
 1958   12         314.67      315.43     
 1959    1         315.58      315.55     
 1959    2         316.48      315.86     
 1959    3         316.65      315.38     
 1959    4         317.72      315.41     
 1959    5         318.29      315.49     
 1959    6         318.15      316.03     
 1959    7         316.54      315.86     
 1959    8         314.80      316.06     
 1959    9         313.84      316.73     
 1959   10         313.33      316.33     
 1959   11         314.81      316.68     
 1959   12         315.58      316.35     
 1960    1         316.43      316.40     
 1960    2         316.98      316.36     
 1960    3         317.58      316.28     
 1960    4         319.03      316.70     
 1960    5         320.04      317.22     
 1960    6         319.59      317.47     
 1960    7         318.18      317.52     
 1960    8         315.90      317.19     
 1960    9         314.17      317.08     
 1960   10         313.83      316.83     
 1960   11         315.00      316.88     
 1960   12         316.19      316.96     
 1961    1         316.89      316.86     
 1961    2         317.70      317.08     
 1961    3         318.54      317.26     
 1961    4         319.48      317.16     
 1961    5         320.58      317.76     
 1961    6         319.77      317.63     
 1961    7         318.57      317.88     
 1961    8         316.79      318.06     
 1961    9         314.99      317.90     
 1961   10         315.31      318.32     
 1961   11         316.10      317.99     
 1961   12         317.01      317.79     
 1962    1         317.94      317.91     
 1962    2         318.55      317.92     
 1962    3         319.68      318.39     
 1962    4         320.57      318.24     
 1962    5         321.02      318.18     
 1962    6         320.62      318.47     
 1962    7         319.61      318.92     
 1962    8         317.40      318.68     
 1962    9         316.25      319.17     
 1962   10         315.42      318.45     
 1962   11         316.69      318.58     
 1962   12         317.70      318.47     
 1963    1         318.74      318.70     
 1963    2         319.07      318.44     
 1963    3         319.86      318.57     
 1963    4         321.38      319.05     
 1963    5         322.25      319.40     
 1963    6         321.48      319.32     
 1963    7         319.74      319.05     
 1963    8         317.77      319.05     
 1963    9         316.21      319.14     
 1963   10         315.99      319.02     
 1963   11         317.07      318.97     
 1963   12         318.35      319.13     
 1964    1         319.57      319.54     
 1964    2         320.01      319.37     
 1964    3         320.74      319.41     
 1964    4         321.84      319.45     
 1964    5         322.26      319.40     
 1964    6         321.89      319.75     
 1964    7         320.44      319.77     
 1964    8         318.69      320.00     
 1964    9         316.70      319.66     
 1964   10         316.87      319.91     
 1964   11         317.68      319.58     
 1964   12         318.71      319.49     
 1965    1         319.44      319.40     
 1965    2         320.44      319.81     
 1965    3         320.89      319.59     
 1965    4         322.14      319.78     
 1965    5         322.17      319.30     
 1965    6         321.87      319.70     
 1965    7         321.21      320.51     
 1965    8         318.87      320.15     
 1965    9         317.81      320.77     
 1965   10         317.30      320.36     
 1965   11         318.87      320.78     
 1965   12         319.42      320.20     
 1966    1         320.62      320.59     
 1966    2         321.60      320.96     
 1966    3         322.39      321.08     
 1966    4         323.70      321.34     
 1966    5         324.08      321.20     
 1966    6         323.75      321.57     
 1966    7         322.38      321.68     
 1966    8         320.36      321.65     
 1966    9         318.64      321.60     
 1966   10         318.10      321.17     
 1966   11         319.78      321.70     
 1966   12         321.03      321.81     
 1967    1         322.33      322.29     
 1967    2         322.50      321.86     
 1967    3         323.04      321.73     
 1967    4         324.42      322.04     
 1967    5         325.00      322.12     
 1967    6         324.09      321.91     
 1967    7         322.54      321.84     
 1967    8         320.92      322.21     
 1967    9         319.25      322.23     
 1967   10         319.39      322.47     
 1967   11         320.73      322.65     
 1967   12         321.96      322.75     
 1968    1         322.57      322.54     
 1968    2         323.15      322.51     
 1968    3         323.89      322.55     
 1968    4         325.02      322.62     
 1968    5         325.57      322.68     
 1968    6         325.36      323.19     
 1968    7         324.14      323.46     
 1968    8         322.11      323.43     
 1968    9         320.33      323.32     
 1968   10         320.25      323.33     
 1968   11         321.32      323.25     
 1968   12         322.89      323.69     
 1969    1         324.00      323.97     
 1969    2         324.42      323.77     
 1969    3         325.63      324.31     
 1969    4         326.66      324.27     
 1969    5         327.38      324.48     
 1969    6         326.71      324.51     
 1969    7         325.88      325.17     
 1969    8         323.66      324.97     
 1969    9         322.38      325.37     
 1969   10         321.78      324.88     
 1969   11         322.86      324.79     
 1969   12         324.12      324.91     
 1970    1         325.06      325.03     
 1970    2         325.98      325.34     
 1970    3         326.93      325.61     
 1970    4         328.13      325.74     
 1970    5         328.08      325.16     
 1970    6         327.67      325.46     
 1970    7         326.34      325.63     
 1970    8         324.69      325.99     
 1970    9         323.10      326.10     
 1970   10         323.06      326.18     
 1970   11         324.01      325.95     
 1970   12         325.13      325.93     
 1971    1         326.17      326.14     
 1971    2         326.68      326.03     
 1971    3         327.17      325.85     
 1971    4         327.79      325.38     
 1971    5         328.93      326.00     
 1971    6         328.57      326.36     
 1971    7         327.36      326.65     
 1971    8         325.43      326.74     
 1971    9         323.36      326.37     
 1971   10         323.56      326.69     
 1971   11         324.80      326.75     
 1971   12         326.01      326.82     
 1972    1         326.77      326.73     
 1972    2         327.63      326.98     
 1972    3         327.75      326.39     
 1972    4         329.72      327.29     
 1972    5         330.07      327.14     
 1972    6         329.09      326.88     
 1972    7         328.04      327.36     
 1972    8         326.32      327.67     
 1972    9         324.84      327.87     
 1972   10         325.20      328.33     
 1972   11         326.50      328.45     
 1972   12         327.55      328.36     
 1973    1         328.55      328.51     
 1973    2         329.56      328.91     
 1973    3         330.30      328.96     
 1973    4         331.50      329.08     
 1973    5         332.48      329.54     
 1973    6         332.07      329.84     
 1973    7         330.87      330.15     
 1973    8         329.31      330.63     
 1973    9         327.51      330.55     
 1973   10         327.18      330.32     
 1973   11         328.16      330.13     
 1973   12         328.64      329.45     
 1974    1         329.35      329.32     
 1974    2         330.71      330.05     
 1974    3         331.48      330.14     
 1974    4         332.65      330.22     
 1974    5         333.19      330.21     
 1974    6         332.16      329.75     
 1974    7         331.07      330.23     
 1974    8         329.12      330.51     
 1974    9         327.32      330.42     
 1974   10         327.28      330.53     
 1974   11         328.30      330.50     
 1974   12         329.58      330.55     
 1975    1         330.73      330.84     
 1975    2         331.46      330.85     
 1975    3         331.90      330.31     
 1975    4         333.17      330.57     
 1975    5         333.94      330.96     
 1975    6         333.45      331.04     
 1975    7         331.97      331.13     
 1975    8         329.95      331.34     
 1975    9         328.50      331.60     
 1975   10         328.35      331.60     
 1975   11         329.37      331.57     
 1975   12         330.64      331.61     
 1976    2         332.75      332.13     
 1976    3         333.52      331.94     
 1976    4         334.64      332.05     
 1976    5         334.77      331.79     
 1976    6         334.00      331.58     
 1976    7         333.06      332.22     
 1976    8         330.68      332.07     
 1976    9         328.95      332.05     
 1976   10         328.75      332.01     
 1976   11         330.15      332.35     
 1976   12         331.62      332.60     
 1977    1         332.66      332.74     
 1977    2         333.13      332.54     
 1977    3         334.95      333.38     
 1977    4         336.13      333.51     
 1977    5         336.93      333.98     
 1977    6         336.17      333.80     
 1977    7         334.88      334.01     
 1977    8         332.56      333.91     
 1977    9         331.29      334.35     
 1977   10         331.27      334.51     
 1977   11         332.41      334.64     
 1977   12         333.60      334.59     
 1978    1         334.95      335.01     
 1978    2         335.25      334.58     
 1978    3         336.66      335.00     
 1978    4         337.69      335.06     
 1978    5         338.03      335.07     
 1978    6         338.01      335.60     
 1978    7         336.40      335.57     
 1978    8         334.42      335.87     
 1978    9         332.37      335.51     
 1978   10         332.41      335.68     
 1978   11         333.75      335.99     
 1978   12         334.90      335.87     
 1979    1         336.14      336.22     
 1979    2         336.68      335.99     
 1979    3         338.27      336.54     
 1979    4         338.95      336.24     
 1979    5         339.21      336.21     
 1979    6         339.26      336.84     
 1979    7         337.54      336.72     
 1979    8         335.75      337.24     
 1979    9         333.98      337.20     
 1979   10         334.19      337.53     
 1979   11         335.31      337.57     
 1979   12         336.81      337.79     
 1980    1         337.90      338.09     
 1980    2         338.34      337.83     
 1980    3         340.01      338.43     
 1980    4         340.93      338.30     
 1980    5         341.48      338.43     
 1980    6         341.32      338.83     
 1980    7         339.40      338.54     
 1980    8         337.70      339.12     
 1980    9         336.19      339.33     
 1980   10         336.15      339.42     
 1980   11         337.27      339.42     
 1980   12         338.32      339.26     
 1981    1         339.29      339.38     
 1981    2         340.55      339.94     
 1981    3         341.61      340.06     
 1981    4         342.53      339.93     
 1981    5         343.03      339.98     
 1981    6         342.54      340.07     
 1981    7         340.78      339.92     
 1981    8         338.44      339.86     
 1981    9         336.95      340.17     
 1981   10         337.08      340.43     
 1981   11         338.58      340.74     
 1981   12         339.88      340.79     
 1982    1         340.96      341.09     
 1982    2         341.73      341.11     
 1982    3         342.81      341.20     
 1982    4         343.97      341.36     
 1982    5         344.63      341.55     
 1982    6         343.79      341.35     
 1982    7         342.32      341.54     
 1982    8         340.09      341.51     
 1982    9         338.28      341.47     
 1982   10         338.29      341.65     
 1982   11         339.60      341.73     
 1982   12         340.90      341.79     
 1983    1         341.68      341.84     
 1983    2         342.90      342.33     
 1983    3         343.33      341.81     
 1983    4         345.25      342.64     
 1983    5         346.03      342.86     
 1983    6         345.63      343.16     
 1983    7         344.19      343.44     
 1983    8         342.27      343.67     
 1983    9         340.35      343.50     
 1983   10         340.38      343.72     
 1983   11         341.59      343.72     
 1983   12         343.05      343.96     
 1984    1         344.10      344.21     
 1984    2         344.79      344.23     
 1984    3         345.52      344.07     
 1984    4         346.98      344.37     
 1984    5         347.63      344.44     
 1984    6         346.98      344.52     
 1984    7         345.53      344.77     
 1984    8         343.55      344.95     
 1984    9         341.40      344.58     
 1984   10         341.67      345.01     
 1984   11         343.07      345.17     
 1984   12         344.70      345.58     
 1985    1         345.21      345.32     
 1985    2         346.16      345.62     
 1985    3         347.74      346.36     
 1985    4         348.34      345.75     
 1985    5         349.06      345.90     
 1985    6         348.38      345.95     
 1985    7         346.71      345.90     
 1985    8         345.02      346.35     
 1985    9         343.27      346.40     
 1985   10         343.13      346.42     
 1985   11         344.49      346.62     
 1985   12         345.88      346.82     
 1986    1         346.56      346.59     
 1986    2         347.28      346.75     
 1986    3         348.07      346.73     
 1986    4         349.80      347.23     
 1986    5         350.44      347.31     
 1986    6         349.93      347.53     
 1986    7         348.16      347.33     
 1986    8         346.07      347.41     
 1986    9         345.22      348.36     
 1986   10         344.52      347.78     
 1986   11         345.92      348.05     
 1986   12         347.22      348.14     
 1987    1         348.46      348.42     
 1987    2         348.73      348.03     
 1987    3         349.73      348.28     
 1987    4         351.31      348.73     
 1987    5         352.06      348.98     
 1987    6         351.52      349.19     
 1987    7         350.11      349.39     
 1987    8         348.03      349.46     
 1987    9         346.52      349.71     
 1987   10         346.59      349.86     
 1987   11         347.96      350.08     
 1987   12         349.16      350.06     
 1988    1         350.39      350.39     
 1988    2         351.64      350.94     
 1988    3         352.40      350.86     
 1988    4         353.69      351.01     
 1988    5         354.21      351.06     
 1988    6         353.75      351.39     
 1988    7         352.69      352.02     
 1988    8         350.40      351.91     
 1988    9         348.92      352.13     
 1988   10         349.13      352.41     
 1988   11         350.20      352.34     
 1988   12         351.41      352.35     
 1989    1         352.91      352.85     
 1989    2         353.28      352.55     
 1989    3         353.97      352.47     
 1989    4         355.64      352.96     
 1989    5         355.86      352.67     
 1989    6         355.37      352.97     
 1989    7         353.99      353.30     
 1989    8         351.81      353.38     
 1989    9         350.05      353.32     
 1989   10         350.25      353.52     
 1989   11         351.49      353.65     
 1989   12         352.85      353.81     
 1990    1         353.80      353.75     
 1990    2         355.04      354.33     
 1990    3         355.73      354.23     
 1990    4         356.31      353.68     
 1990    5         357.32      354.17     
 1990    6         356.34      353.96     
 1990    7         354.84      354.19     
 1990    8         353.01      354.61     
 1990    9         351.31      354.61     
 1990   10         351.62      354.89     
 1990   11         353.07      355.13     
 1990   12         354.33      355.19     
 1991    1         354.84      354.82     
 1991    2         355.73      355.02     
 1991    3         357.23      355.68     
 1991    4         358.66      356.02     
 1991    5         359.13      356.01     
 1991    6         358.13      355.79     
 1991    7         356.22      355.61     
 1991    8         353.87      355.48     
 1991    9         352.25      355.56     
 1991   10         352.35      355.62     
 1991   11         353.81      355.80     
 1991   12         355.12      355.93     
 1992    1         356.25      356.20     
 1992    2         357.11      356.38        
 1992    4         359.09      356.39     
 1992    5         359.59      356.41     
 1992    6         359.33      356.97     
 1992    7         357.01      356.44     
 1992    8         354.94      356.62     
 1992    9         352.95      356.29     
 1992   10         353.32      356.63     
 1992   11         354.32      356.38     
 1992   12         355.57      356.39     
 1993    1         357.00      356.96     
 1993    2         357.31      356.44     
 1993    3         358.47      356.76     
 1993    4         359.27      356.59     
 1993    5         360.19      357.03     
 1993    6         359.52      357.12     
 1993    7         357.33      356.75     
 1993    8         355.64      357.32     
 1993    9         354.03      357.39     
 1993   10         354.12      357.49     
 1993   11         355.41      357.54     
 1993   12         356.91      357.80     
 1994    1         358.24      358.13     
 1994    2         358.92      358.09     
 1994    3         359.99      358.29     
 1994    4         361.23      358.46     
 1994    5         361.65      358.46     
 1994    6         360.81      358.44     
 1994    7         359.38      358.78     
 1994    8         357.46      359.16     
 1994    9         355.73      359.17     
 1994   10         356.07      359.49     
 1994   11         357.53      359.68     
 1994   12         358.98      359.83     
 1995    1         359.92      359.79     
 1995    2         360.86      360.05     
 1995    3         361.83      360.22     
 1995    4         363.30      360.62     
 1995    5         363.69      360.58     
 1995    6         363.19      360.84     
 1995    7         361.64      360.97     
 1995    8         359.12      360.73     
 1995    9         358.17      361.55     
 1995   10         357.99      361.37     
 1995   11         359.45      361.59     
 1995   12         360.68      361.53     
 1996    1         362.07      361.85     
 1996    2         363.24      362.35     
 1996    3         364.17      362.53     
 1996    4         364.57      361.87     
 1996    5         365.13      362.10     
 1996    6         364.92      362.69     
 1996    7         363.55      362.85     
 1996    8         361.39      362.99     
 1996    9         359.54      362.99     
 1996   10         359.58      362.97     
 1996   11         360.89      363.03     
 1996   12         362.24      363.08     
 1997    1         363.09      362.88     
 1997    2         364.03      363.22     
 1997    3         364.51      362.88     
 1997    4         366.35      363.68     
 1997    5         366.64      363.74     
 1997    6         365.59      363.42     
 1997    7         364.31      363.60     
 1997    8         362.25      363.84     
 1997    9         360.29      363.68     
 1997   10         360.82      364.12     
 1997   11         362.49      364.56     
 1997   12         364.38      365.15     
 1998    1         365.27      365.07     
 1998    2         365.98      365.16     
 1998    3         367.24      365.60     
 1998    4         368.66      366.03     
 1998    5         369.42      366.55     
 1998    6         368.99      366.80     
 1998    7         367.82      367.14     
 1998    8         365.95      367.55     
 1998    9         364.02      367.37     
 1998   10         364.40      367.67     
 1998   11         365.52      367.56     
 1998   12         367.13      367.88     
 1999    1         368.18      367.96     
 1999    2         369.12      368.31     
 1999    3         369.68      368.07     
 1999    4         370.99      368.45     
 1999    5         370.96      368.15     
 1999    6         370.30      368.13     
 1999    7         369.45      368.77     
 1999    8         366.90      368.48     
 1999    9         364.81      368.14     
 1999   10         365.37      368.64     
 1999   11         366.72      368.71     
 1999   12         368.10      368.77     
 2000    1         369.29      369.08     
 2000    2         369.55      368.83     
 2000    3         370.60      369.09     
 2000    4         371.82      369.28     
 2000    5         371.58      368.71     
 2000    6         371.70      369.50     
 2000    7         369.86      369.20     
 2000    8         368.13      369.73     
 2000    9         367.00      370.30     
 2000   10         367.03      370.27     
 2000   11         368.37      370.32     
 2000   12         369.67      370.30     
 2001    1         370.59      370.43     
 2001    2         371.51      370.78     
 2001    3         372.46      370.89     
 2001    4         373.37      370.81     
 2001    5         373.84      370.93     
 2001    6         373.22      370.99     
 2001    7         371.50      370.90     
 2001    8         369.61      371.22     
 2001    9         368.18      371.44     
 2001   10         368.45      371.68     
 2001   11         369.76      371.74     
 2001   12         371.24      371.92     
 2002    1         372.53      372.30     
 2002    2         373.20      372.32     
 2002    3         374.12      372.44     
 2002    4         375.02      372.38     
 2002    5         375.76      372.82     
 2002    6         375.52      373.30     
 2002    7         374.01      373.42     
 2002    8         371.85      373.52     
 2002    9         370.75      374.11     
 2002   10         370.55      373.88     
 2002   11         372.25      374.34     
 2002   12         373.79      374.54     
 2003    1         374.88      374.63     
 2003    2         375.64      374.77     
 2003    3         376.45      374.80     
 2003    4         377.73      375.06     
 2003    5         378.60      375.55     
 2003    6         378.28      376.04     
 2003    7         376.70      376.19     
 2003    8         374.38      376.08     
 2003    9         373.17      376.48     
 2003   10         373.14      376.47     
 2003   11         374.66      376.81     
 2003   12         375.99      376.75     
 2004    1         377.00      376.79     
 2004    2         377.87      377.02     
 2004    3         378.88      377.23     
 2004    4         380.35      377.62     
 2004    5         380.62      377.48     
 2004    6         379.69      377.39     
 2004    7         377.47      376.94     
 2004    8         376.01      377.74     
 2004    9         374.25      377.62     
 2004   10         374.46      377.82     
 2004   11         376.16      378.31     
 2004   12         377.51      378.31     
 2005    1         378.46      378.21     
 2005    2         379.73      378.93     
 2005    3         380.77      379.27     
 2005    4         382.29      379.66     
 2005    5         382.45      379.31     
 2005    6         382.21      379.88     
 2005    7         380.74      380.19     
 2005    8         378.74      380.42     
 2005    9         376.70      380.01     
 2005   10         377.00      380.30     
 2005   11         378.35      380.49     
 2005   12         380.11      380.89     
 2006    1         381.38      381.14     
 2006    2         382.20      381.38     
 2006    3         382.67      381.14     
 2006    4         384.61      381.92     
 2006    5         385.03      381.87     
 2006    6         384.05      381.74     
 2006    7         382.46      381.91     
 2006    8         380.41      382.07         
 2006    9         378.85      382.16         
 2006   10         379.13      382.46         
 2006   11         380.18      382.35         
 2006   12         381.82      382.63         
 2007    1         382.89      382.67         
 2007    2         383.90      383.00        
 2007    3         384.58      382.95         
 2007    4         386.50      383.72         
 2007    5         386.56      383.34        
 2007    6         386.10      383.84         
 2007    7         384.50      384.02         
 2007    8         381.99      383.70         
 2007    9         380.96      384.32         
 2007   10         381.12      384.47         
 2007   11         382.45      384.64         
 2007   12         383.94      384.82         
 2008    1         385.52      385.28         
 2008    2         385.82      384.95         
 2008    4         387.09      384.47
 2008    3         386.03      384.48            
 2008    5         388.54      385.45        
 2008    6         387.76      385.46         
 2008    7         386.36      385.80         
 2008    8         384.09      385.75        
 2008    9         383.19      386.46        
 2008   10         382.99      386.27        
 2008   11         384.19      386.36        
 2008   12         385.56      386.41        
 2009    1         386.94      386.63         
 2009    2         387.48      386.59         
 2009    3         388.82      387.32         
 2009    4         389.55      386.93        
 2009    5         390.14      387.02         
 2009    6         389.48      387.24         
 2009    7         388.03      387.55        
 2009    8         386.11      387.80        
 2009    9         384.74      388.00         
 2009   10         384.43      387.68      
 2009   11         386.02      388.16    
 2009   12         387.42      388.23       
 2010    1         388.71      388.41       
 2010    2         390.20      389.26        
 2010    3         391.17      389.65        
 2010    4         392.46      389.91       
 2010    5         393.00      389.88      
 2010    6         392.15      389.88        
 2010    7         390.20      389.72       
 2010    8         388.35      390.01       
 2010    9         386.85      390.14         
 2010   10         387.24      390.54         
 2010   11         388.67      390.79        
 2010   12         389.79      390.60      
 2011    1         391.33      391.03       
 2011    2         391.86      390.93         
 2011    3         392.60      391.08      
 2011    4         393.25      390.64     
 2011    5         394.19      391.03       
 2011    6         393.74      391.43        
 2011    7         392.51      392.03         
 2011    8         390.13      391.83        
 2011    9         389.08      392.40         
 2011   10         388.99      392.32        
 2011   11         390.28      392.43        
 2011   12         391.86      392.66         
 2012    1         393.12      392.88         
 2012    2         393.86      393.03         
 2012    3         394.40      392.81        
 2012    4         396.18      393.46         
 2012    5         396.74      393.54        
 2012    6         395.71      393.44         
 2012    7         394.36      393.92         
 2012    8         392.39      394.16         
 2012    9         391.13      394.55         
 2012   10         391.05      394.41         
 2012   11         392.98      395.01         
 2012   12         394.34      395.04         
 2013    1         395.55      395.40         
 2013    2         396.80      396.01         
 2013    3         397.43      395.85         
 2013    4         398.41      395.56         
 2013    5         399.78      396.41         
 2013    6         398.60      396.28         
 2013    7         397.32      396.93         
 2013    8         395.20      397.08         
 2013    9         393.45      396.98         
 2013   10         393.70      397.03         
 2013   11         395.16      397.14         
 2013   12         396.84      397.59         
 2014    1         397.85      397.55        
 2014    2         398.01      397.20         
 2014    3         399.71      398.20         
 2014    4         401.33      398.46         
 2014    5         401.78      398.38         
 2014    6         401.25      398.92         
 2014    7         399.11      398.68         
 2014    8         397.03      398.91         
 2014    9         395.38      398.96         
 2014   10         396.07      399.47         
 2014   11         397.28      399.36         
 2014   12         398.91      399.64         
 2015    1         399.98      399.73         
 2015    2         400.35      399.58         
 2015    3         401.52      400.02         
 2015    4         403.15      400.27         
 2015    5         403.96      400.51         
 2015    6         402.80      400.48         
 2015    7         401.29      400.92         
 2015    8         398.93      400.85         
 2015    9         397.63      401.25         
 2015   10         398.29      401.68         
 2015   11         400.16      402.11         
 2015   12         401.85      402.51         
 2016    1         402.50      402.23         
 2016    2         404.07      403.24         
 2016    3         404.87      403.38         
 2016    4         407.42      404.59         
 2016    5         407.72      404.23         
 2016    6         406.81      404.41         
 2016    7         404.40      404.05         
 2016    8         402.26      404.21         
 2016    9         401.05      404.67        
 2016   10         401.60      405.03         
 2016   11         403.53      405.53         
 2016   12         404.44      405.13         
 2017    1         406.17      405.88        
 2017    2         406.47      405.61         
 2017    3         407.23      405.76         
 2017    4         409.03      406.23        
 2017    5         409.69      406.20         
 2017    6         408.89      406.49         
 2017    7         407.13      406.79         
 2017    8         405.12      407.05         
 2017    9         403.37      406.97         
 2017   10         403.63      407.06         
 2017   11         405.12      407.12         
 2017   12         406.81      407.50         
 2018    1         407.96      407.66         
 2018    2         408.32      407.47         
 2018    3         409.39      407.92         
 2018    4         410.25      407.46         
 2018    6         410.79      408.40        
 2018    7         408.70      408.36         
 2018    8         406.97      408.89        
 2018    9         405.52      409.12      
 2018   10         406.00      409.43
 2018   11         408.02      410.03      
 2018   12         409.08      409.76         
 2019    1         410.83      410.53     
 2019    2         411.75      410.89      
 2019    3         411.97      410.50      
 2019    4         413.33      410.53      
 2019    5         414.64      411.15   
 2019    6         413.93      411.53       
 2019    7         411.74      411.40        
 2019    8         409.95      411.88         
 2019    9         408.54      412.14        
 2019   10         408.52      411.96         
 2019   11         410.25      412.26         
 2019   12         411.76      412.44         
 2020    1         413.39      413.09         
 2020    2         414.11      413.26         
 2020    3         414.51      413.03         
 2020    4         416.21      413.42         
 2020    5         417.07      413.58       
 2020    6         416.38      413.99        
 2020    7         414.38      414.04         
 2020    8         412.55      414.48        
 2020    9         411.29      414.89     
 2020   10         411.28      414.72     
